Exact directional certificate for the frozen order-5 network.
Indices follow check_order5.py. For u=(a,b), source score is s_y=y·u and q=(y'-y)·u.
Each row: stratum | u | active-max records (reaction index, source, q) | global-max sources | decreasing reactions at a global maximum.
Every active-max record has q<0; every last-column set is nonempty.
Critical rays, in exact CCW order from +a: (1, 0), (0, 1), (-1, 3), (-2, 3), (-1, 1), (-2, 1), (-1, 0), (0, -1), (1, -3), (2, -3), (1, -1), (2, -1)
Critical lines: a=0, 3a+b=0, 3a+2b=0, a+b=0, a+2b=0, b=0.

ray | (1, 0) | [[5, [3, 2], -1]] | [[3, 1], [3, 2]] | [5]
ray | (0, 1) | [[4, [3, 2], -2], [5, [3, 2], -2]] | [[3, 2]] | [4, 5]
ray | (-1, 3) | [[4, [3, 2], -6], [5, [3, 2], -5]] | [[3, 2]] | [4, 5]
ray | (-2, 3) | [[1, [0, 0], -4], [4, [3, 2], -6], [5, [3, 2], -4]] | [[0, 0], [3, 2]] | [1, 4, 5]
ray | (-1, 1) | [[1, [0, 0], -2]] | [[0, 0]] | [1]
ray | (-2, 1) | [[1, [0, 0], -4]] | [[0, 0]] | [1]
ray | (-1, 0) | [[1, [0, 0], -2]] | [[0, 0]] | [1]
ray | (0, -1) | [[2, [2, 0], -1]] | [[0, 0], [2, 0]] | [2]
ray | (1, -3) | [[2, [2, 0], -2]] | [[2, 0]] | [2]
ray | (2, -3) | [[2, [2, 0], -1]] | [[2, 0]] | [2]
ray | (1, -1) | [[3, [3, 1], -1]] | [[2, 0], [3, 1]] | [3]
ray | (2, -1) | [[3, [3, 1], -1]] | [[3, 1]] | [3]
sector | (1, 1) | [[4, [3, 2], -2], [5, [3, 2], -3]] | [[3, 2]] | [4, 5]
sector | (-1, 4) | [[4, [3, 2], -8], [5, [3, 2], -7]] | [[3, 2]] | [4, 5]
sector | (-3, 6) | [[4, [3, 2], -12], [5, [3, 2], -9]] | [[3, 2]] | [4, 5]
sector | (-3, 4) | [[1, [0, 0], -6]] | [[0, 0]] | [1]
sector | (-3, 2) | [[1, [0, 0], -6]] | [[0, 0]] | [1]
sector | (-3, 1) | [[1, [0, 0], -6]] | [[0, 0]] | [1]
sector | (-1, -1) | [[1, [0, 0], -2]] | [[0, 0]] | [1]
sector | (1, -4) | [[2, [2, 0], -3]] | [[2, 0]] | [2]
sector | (3, -6) | [[2, [2, 0], -3]] | [[2, 0]] | [2]
sector | (3, -4) | [[2, [2, 0], -1]] | [[2, 0]] | [2]
sector | (3, -2) | [[3, [3, 1], -2]] | [[3, 1]] | [3]
sector | (3, -1) | [[3, [3, 1], -1]] | [[3, 1]] | [3]
